mean = [1.09489051e-02, 5.10948905e-01, 7.29927007e-03, 2.00729927e-01,
       2.70072993e-01, 1.70766423e+01, 1.55560985e+01, 7.95914583e+00,
       5.12176921e+00, 4.58967857e+00]
std = [0.10406261, 0.49988011, 0.08512339, 0.40054641, 0.44399726,
       3.68632832, 2.76066629, 0.28377442, 0.54042403, 0.35181469]
Final weight (w):[[-0.80343411],
                   [ 0.02680126],
                   [ 0.12133342],
                   [-0.48825823],
                   [ 0.62712127],
                   [-2.70557231],
                   [-0.71187944],
                   [-2.74726236],
                   [-1.50872486],
                   [-2.62202904]]
Final bias (b): 23.342700729924573