Final weight (w): [[-8.12466257e-01]
 [ 1.29965867e-06]
 [ 1.20116808e-01]
 [-4.81728839e-01]
 [ 6.63302097e-01]
 [-2.71590995e+00]
 [-7.27227539e-01]
 [-2.77509082e+00]
 [-1.52122465e+00]
 [-2.65191948e+00]]
Final bias (b): 23.342700729924573
mean : ([1.09489051e-02, 5.10948905e-01, 7.29927007e-03, 2.00729927e-01,
       2.70072993e-01, 1.70766423e+01, 1.55560985e+01, 7.95914583e+00,
       5.12176921e+00, 4.58967857e+00])
std : ([0.10406261, 0.49988011, 0.08512339, 0.40054641, 0.44399726,
       3.68632832, 2.76066629, 0.28377442, 0.54042403, 0.35181469])